1000
54 72 3
1 74 53
38 4 1
96 33 27
16 66 96
84 1 80
97 81 53
21 81 30
18 61 15
79 48 76
67 67 62
75 76 37
31 15 100
13 68 39
91 74 34
78 21 43
0 55 55
76 85 40
81 69 83
57 28 81
49 18 95
70 70 72
76 86 17
67 45 63
89 86 90
43 44 59
47 68 48
75 83 75
94 30 1
18 56 55
84 38 75
1 55 20
81 45 30
12 71 89
75 91 13
74 24 4
99 95 91
16 20 69
19 61 77
39 62 18
75 79 54
19 32 19
4 45 66
25 65 34
47 53 21
72 36 27
43 19 26
3 96 47
83 56 97
91 63 85
97 16 13
65 83 43
82 89 7
68 45 5
22 89 58
36 87 6
62 46 1
84 93 54
7 84 93
98 87 25
52 22 97
35 55 45
77 23 24
91 59 33
99 58 92
40 29 7
1 7 59
84 26 67
29 81 85
65 18 82
36 41 40
96 100 18
48 100 7
100 87 47
33 69 55
10 33 21
79 87 63
1 52 5
87 47 83
53 100 79
29 21 13
39 12 84
42 25 39
7 95 21
16 20 13
92 55 47
7 55 85
56 56 52
0 71 40
79 26 26
70 16 5
34 54 33
20 11 46
84 32 46
48 77 79
35 97 48
100 61 33
0 92 67
41 85 37
61 87 41
32 43 54
8 87 8
25 12 74
60 34 72
88 56 9
67 19 16
54 12 86
50 78 61
37 54 52
80 32 67
12 24 3
4 99 34
25 43 87
100 18 7
56 1 93
40 87 59
15 48 19
0 89 69
81 13 32
61 56 2
62 18 5
17 43 82
70 67 75
31 40 41
38 15 17
95 33 26
57 52 31
68 6 13
89 11 13
35 45 55
75 97 59
49 34 10
73 5 80
8 58 1
95 44 79
26 4 85
45 39 5
51 46 69
99 35 58
59 89 41
11 5 82
27 69 53
13 9 38
33 60 68
43 97 35
23 60 91
30 94 18
90 69 60
4 92 13
88 17 100
46 13 25
9 67 98
97 58 73
90 98 72
2 76 15
64 38 29
17 53 33
46 74 16
36 22 35
58 16 65
99 70 86
1 81 66
7 54 41
90 67 82
61 88 67
20 46 63
67 83 21
33 35 34
93 37 34
74 13 7
26 92 27
47 27 8
79 40 83
39 62 100
37 73 10
86 23 47
17 6 40
96 28 17
2 20 12
62 87 92
17 55 29
33 55 85
7 62 58
80 60 28
50 42 68
16 74 2
13 82 4
9 76 39
57 26 71
96 44 13
85 9 98
66 68 37
37 33 18
97 10 17
56 30 6
58 85 42
40 31 94
62 17 11
48 100 27
61 71 58
27 65 77
44 35 57
20 56 46
90 48 65
65 69 32
84 63 23
17 89 70
81 64 71
64 70 73
99 8 69
57 76 73
14 36 81
43 47 33
100 60 84
55 84 13
68 55 29
35 55 63
20 56 69
42 7 15
79 100 64
77 83 32
91 63 31
67 12 75
8 31 78
91 2 11
18 18 95
81 53 85
8 67 44
84 79 77
37 62 67
28 2 36
77 46 98
30 83 16
34 10 100
25 69 7
12 100 82
6 90 18
52 27 3
24 1 68
4 11 83
91 2 82
83 12 56
97 83 99
36 12 28
58 99 46
58 18 38
42 63 85
70 29 55
79 7 62
82 98 10
42 93 80
36 60 91
88 27 3
0 30 70
5 20 37
14 89 2
98 4 46
91 96 80
34 98 65
67 56 15
11 30 40
98 28 93
47 52 75
60 100 78
45 58 69
52 79 95
27 23 13
24 57 38
94 54 91
70 15 34
13 28 46
89 21 73
41 48 10
51 72 5
84 5 4
10 86 69
93 6 84
5 97 10
45 12 15
19 41 36
69 26 21
90 37 82
18 66 28
74 35 91
41 85 26
84 74 99
100 39 9
91 54 60
58 20 9
30 61 23
67 95 83
60 2 68
70 57 74
70 91 100
84 58 8
74 29 63
61 53 3
6 56 93
76 82 99
81 14 29
14 78 60
29 94 95
49 86 5
100 66 7
25 25 97
22 64 65
33 18 17
28 37 95
81 30 41
25 18 17
12 98 95
16 10 4
63 18 95
0 32 79
34 72 48
83 21 71
34 74 94
85 33 65
86 14 22
75 23 60
42 4 54
78 92 39
1 94 5
61 65 100
84 70 75
39 68 89
24 98 37
11 92 53
67 77 35
7 34 65
60 81 24
66 43 12
53 92 12
97 76 47
98 42 24
69 91 72
34 85 73
70 35 40
20 46 23
57 41 42
44 88 41
3 53 40
65 70 12
9 67 78
46 60 37
28 53 36
19 7 99
22 45 39
53 89 74
16 88 96
25 93 2
20 98 70
44 31 91
10 55 4
58 90 100
6 12 13
29 21 89
12 3 26
70 35 42
81 40 43
85 13 84
4 80 61
20 14 88
4 99 54
23 5 33
72 53 57
60 86 100
93 79 38
98 85 38
20 62 88
8 90 85
31 30 58
71 75 75
24 29 11
43 54 4
37 65 24
100 70 91
83 98 82
65 46 89
59 60 85
38 55 3
85 96 27
80 78 67
32 94 82
92 82 14
43 24 79
85 86 56
72 83 63
79 48 79
93 28 75
2 21 41
0 33 60
79 29 41
14 72 37
54 18 72
39 81 80
27 81 7
29 75 87
52 23 15
60 68 69
43 82 18
34 92 69
35 81 8
73 94 45
67 1 56
52 68 11
44 26 6
31 8 81
30 86 56
55 68 37
77 61 9
37 33 85
81 64 70
100 84 72
2 93 86
31 32 20
50 27 13
93 5 46
88 98 54
54 53 91
28 1 34
19 32 69
75 40 70
54 6 54
88 76 98
83 39 80
99 13 4
97 61 94
45 39 23
61 58 61
58 58 81
46 100 56
88 17 98
54 98 4
83 27 46
72 73 82
64 20 30
71 81 41
53 77 48
52 37 89
95 23 15
26 26 94
67 43 16
20 39 43
14 58 26
93 73 82
16 93 89
5 47 66
2 94 46
60 98 27
38 100 15
17 26 74
95 11 94
95 20 58
53 46 81
25 85 66
38 96 19
7 84 22
96 2 72
41 31 52
61 11 61
3 40 45
38 36 53
83 77 15
52 96 17
4 86 31
5 77 3
62 48 83
86 92 88
28 13 37
48 21 33
21 88 44
34 67 6
39 5 87
22 75 38
47 71 80
75 36 52
35 9 73
87 93 35
43 41 16
77 89 85
61 29 41
55 55 17
82 20 52
94 29 22
17 32 44
35 99 22
100 9 27
51 66 33
20 28 98
6 54 76
9 78 90
87 12 14
32 71 93
34 78 66
33 17 14
0 39 48
83 77 98
38 2 57
16 54 82
54 70 59
12 8 16
38 6 39
14 10 10
17 37 79
4 47 1
23 8 13
33 24 78
54 84 77
67 73 45
1 90 31
63 47 47
30 74 67
63 43 23
38 8 35
50 96 59
11 10 80
90 24 63
60 5 38
47 88 70
34 16 89
21 84 62
79 12 10
23 35 44
85 55 91
90 76 61
64 25 83
6 53 79
32 15 55
76 41 73
24 66 29
15 70 53
93 62 88
86 22 44
26 7 46
45 83 96
77 31 9
59 83 100
90 16 86
65 48 46
96 46 9
11 32 65
44 27 57
52 90 42
17 69 21
15 27 85
81 79 13
28 81 52
28 11 21
71 59 9
10 34 82
38 91 22
77 88 1
41 32 82
29 16 45
85 85 34
52 56 84
88 64 68
100 28 10
68 63 40
24 60 67
55 3 20
76 21 60
16 35 59
100 31 47
51 57 31
27 86 68
82 2 69
60 38 13
81 8 37
38 18 100
62 17 79
91 10 57
19 53 6
48 59 23
6 36 66
93 54 6
48 64 69
8 3 76
94 62 11
93 40 71
100 27 67
66 25 14
64 76 28
38 20 36
82 55 91
93 91 57
3 89 85
97 88 98
100 63 3
49 35 2
26 63 84
22 54 16
8 20 80
52 68 7
74 86 76
79 69 11
1 54 73
68 88 5
19 25 7
67 88 33
41 9 44
82 97 70
44 52 32
51 34 61
56 22 38
61 38 36
20 73 91
56 92 59
60 81 83
50 69 97
2 98 62
35 73 75
100 89 96
95 59 36
100 26 16
89 99 82
80 25 64
59 46 2
67 94 53
56 82 23
23 74 80
86 54 55
100 17 30
22 84 76
73 100 14
17 8 18
10 37 85
67 23 25
15 14 85
79 88 11
36 42 44
13 35 36
42 67 14
67 10 77
92 100 81
45 58 33
62 44 84
78 84 95
56 83 72
16 15 64
19 77 96
37 13 100
44 65 58
73 6 68
98 6 75
67 58 20
25 2 9
11 73 54
27 39 58
2 9 3
84 63 8
5 42 25
29 72 80
76 77 73
34 15 71
34 29 37
71 52 15
32 46 61
6 68 91
41 5 75
55 47 53
37 56 98
97 40 88
69 25 52
28 88 81
34 78 21
53 97 9
68 23 92
29 23 13
55 94 1
23 7 57
34 66 96
16 53 10
35 57 4
20 94 40
57 64 92
80 46 30
24 8 15
63 74 95
23 68 11
95 95 17
45 62 57
34 72 75
16 11 38
41 35 64
93 61 47
77 75 53
69 11 77
83 25 47
46 59 25
75 71 84
23 79 47
58 86 97
1 13 64
47 27 41
41 97 68
43 30 26
44 33 42
29 71 99
87 20 40
45 24 7
88 45 37
28 12 87
67 7 97
53 48 15
16 86 48
47 85 3
69 82 83
75 33 74
78 12 41
40 47 81
40 29 19
76 87 22
100 31 11
25 74 22
0 42 24
100 45 18
51 76 26
47 1 94
63 97 5
57 38 52
38 3 52
98 55 70
30 65 81
87 78 17
23 21 97
13 78 5
49 79 11
21 52 78
90 22 23
93 94 28
20 18 1
16 39 79
77 83 58
91 41 56
85 12 5
5 5 86
98 57 37
70 93 6
59 75 48
38 42 11
43 89 76
3 38 18
66 96 69
13 55 55
71 35 27
1 87 21
79 70 92
82 32 14
12 55 55
28 58 46
13 62 69
86 33 83
13 21 19
36 64 15
38 13 25
52 69 42
84 79 64
46 60 87
87 37 94
7 68 97
13 64 55
73 81 87
82 94 57
45 61 96
46 4 73
54 73 68
23 58 58
72 82 11
81 38 96
91 65 22
82 87 30
88 7 40
18 57 73
52 60 75
16 96 54
82 24 95
0 34 29
99 99 99
91 88 3
23 36 86
45 24 72
95 24 55
57 98 14
42 12 84
83 62 4
33 58 9
71 28 11
75 56 53
32 38 20
65 77 89
67 60 99
34 59 57
23 66 83
96 80 66
86 75 33
22 4 96
21 1 14
47 92 81
49 37 81
80 2 41
46 65 73
67 89 59
54 83 44
94 29 61
11 83 30
24 89 95
46 38 10
6 27 73
82 65 54
83 81 21
41 12 92
13 9 61
81 58 33
10 55 27
20 60 5
0 54 4
20 71 63
67 43 20
98 39 27
72 98 89
32 96 39
52 58 41
22 42 25
31 11 66
67 60 11
45 19 56
20 24 95
54 31 99
87 5 14
66 17 16
42 67 86
72 17 12
31 90 6
73 9 85
12 65 66
15 81 62
71 75 25
39 68 98
62 59 95
51 36 99
86 82 81
40 67 34
10 28 72
20 41 6
72 9 77
4 84 60
19 15 33
98 23 27
34 14 7
73 7 6
85 71 33
65 19 26
10 33 33
21 89 97
75 18 61
75 37 68
96 74 56
79 4 33
19 13 36
93 24 72
2 35 88
68 76 65
16 86 46
84 48 1
73 94 6
60 83 20
54 93 10
21 99 3
16 5 23
49 22 17
98 85 64
48 46 58
93 92 92
21 80 63
57 85 91
97 44 64
34 68 35
55 12 25
29 90 66
7 55 65
55 36 81
55 94 47
23 7 3
30 5 55
40 9 35
94 53 82
91 47 20
91 86 25
15 73 20
25 40 82
30 41 28
71 28 4
47 74 14
97 18 34
4 87 25
30 15 68
54 99 95
87 66 72
75 28 25
85 68 41
90 70 34
13 64 42
53 70 66
88 98 52
70 25 2
34 26 6
3 83 27
29 25 59
32 14 83
74 83 52
7 33 36
82 47 30
37 59 59
34 29 29
58 91 89
62 57 13
90 58 66
2 77 57
4 17 11
53 66 72
46 26 68
94 30 67
79 74 13
95 61 13
31 46 91
74 86 67
6 90 7
26 57 61
60 24 94
19 71 93
49 47 74
72 45 65
85 16 71
89 41 20
34 9 32
56 87 92
44 7 12
37 43 86
75 30 25
82 86 16
9 77 77
55 94 27
53 90 67
95 82 27
73 93 3
70 59 36
57 27 68
3 22 39
15 72 4
0 53 42
97 96 54
87 57 12
75 18 15
49 43 41
55 58 79
100 1 1
55 77 36
31 80 31
22 20 89
29 42 62
14 60 30
41 62 75
73 41 26
58 27 76
49 42 78
78 3 72
94 6 97
92 7 98
55 99 81
2 86 38
66 75 25
1 23 57
41 88 72
6 74 32
17 78 67
79 46 84
25 63 58
17 75 28
55 83 24
18 95 60
31 3 8
14 63 94
25 23 43
54 8 62
7 56 41
69 96 3
70 44 46
23 65 87
25 60 20
74 77 38
73 91 41
57 61 15
63 73 6
83 89 31
67 48 15
92 31 9
30 25 5
80 70 89
